"","number_observations","reason"
"1",63656,"Starting events"
"2",5596,"Outcome in window (90,365)"
"3",4892,"180 days of washout for the outcome"
